25
23
9
20
10
20
14
30
23
21
30
16
10
25
7
13
46
14
18
20
11
32
19
18
29
29
16
8
21
27
23
9
23
12
26
6
16
31
12
29
20
41
47
44
12
4
12
36
28
63
13
11
23
12
15
22
29
26
32
3
26
19
12
18
18
15
32
19
24
19
10
17
28
14
21
15
13
33
19
9
10
18
12
20
29
29
17
7
17
17
15
20
12
34
9
27
19
13
27
33
24
22
20
19
32
74
10
35
21
17
32
23
11
14
44
38
35
3
21
20
27
12
27
37
21
28
29
32
22
48
10
17
24
28
20
38
26
12
36
13
18
16
27
16
32
30
29
10
31
25
21
42
7
12
11
31
12
12
20
21
19
36
34
25
32
13
46
19
34
11
22
15
31
16
25
43
33
28
27
14
18
27
25
63
14
7
5
24
30
31
23
27
34
34
6
24
33
45
18
12
18
12
2
12
15
21
16
32
36
16
21
25
36
35
19
15
17
44
30
33
42
32
36
27
25
12
30
13
20
46
57
36
56
33
26
37
48
24
52
33
13
33
18
16
30
24
31
10
29
40
35
26
22
26
42
18
10
48
22
19
42
31
22
38
26
37
28
8
33
19
56
24
31
17
12
12
37
17
50
11
30
41
26
20
18
68
26
20
26
19
35
30
28
15
25
26
8
19
50
27
20
8
21
31
48
12
18
30
35
34
17
15
20
38
84
32
11
30
47
52
27
25
26
23
55
28
26
29
9
34
16
16
47
26
9
6
39
39
24
29
26
20
39
26
40
17
47
18
18
17
20
17
21
25
48
48
27
19
16
40
61
10
37
30
11
37
39
8
29
35
20
19
26
18
31
28
15
38
37
48
11
35
20
33
26
20
85
17
20
35
41
47
35
31
22
54
38
49
30
25
46
32
75
11
21
32
39
33
48
28
23
41
35
28
22
27
29
17
33
39
44
9
24
44
35
24
29
22
46
11
45
9
35
55
37
28
51
55
27
12
38
28
43
28
22
37
64
46
41
31
48
24
14
18
35
26
39
61
48
79
29
27
21
36
30
9
14
40
25
36
29
36
38
24
65
45
22
10
37
14
40
23
41
38
8
32
40
79
38
29
11
35
15
50
27
44
47
19
34
25
49
30
41
51
35
25
32
10
30
31
49
33
43
25
56
37
35
40
28
46
37
31
36
26
42
33
19
43
50
26
53
30
34
31
49
48
24
12
19
22
30
26
69
31
34
35
31
62
60
40
31
48
32
27
38
64
24
25
30
31
114
37
21
13
30
30
37
23
31
25
34
51
27
25
31
21
25
23
43
19
31
46
27
56
27
96
39
51
54
25
33
44
63
35
36
54
14
53
60
48
52
41
37
40
74
38
76
70
18
40
30
52
36
40
42
44
36
11
72
39
65
30
112
30
26
63
52
43
30
27
28
70
31
62
52
26
31
30
29
61
42
16
61
42
13
41
33
49
27
42
47
31
50
33
66
51
40
34
53
64
42
32
39
50
39
51
59
32
43
58
80
78
60
60
80
51
75
41
35
165
61
60
43
51
24
61
95
57
107
104
97
91
79
117
79
85
72
38
62
39
51
71
74
87
48
50
90
87
71
43
42
72
41
53
70
60
32
60
77
56
59
80
102
75
86
77
71
45
45
45
97
67
87
93
33
118
77
46
119
54
63
88
91
57
90
58
60
65
50
82
44
45
70
104
96
57
83
74
38
143
51
60
43
63
86
87
59
72
93
111
65
100
58
124
101
42
98
71
78
60
46
146
96
99
83
118
127
45
55
126
37
72
33
94
69
49
101
137
56
65
196
84
124
100
188
92
92
187
86
80
69
123
86
124
96
151
213
67
115
71
96
125
55
170
162
244
138
187
189
270
79
136
99
67
196
191
76
142
151
120
109
231
236
139
114
132
141
159
156
220
131
148
137
165
145
180
163
168
171
191
250
144
60
304
97
178
310
94
167
178
98
76
306
125
125
178
102
127
242
152
109
162
160
281
225
94
139
127
181
218
218
142
166
190
149
171
117
242
111
166
289
108
188
143
128
231
156
283
204
180
95
219
179
106
151
195
109
119
195
140
63
110
143
171
111
122
112
120
90
106
65
110
117
139
197
111
210
145
169
112
126
206
213
298
260
167
152
105
186
249
250
198
60
158
159
123
114
115
126
121
110
161
127
148
154
128
101
218
345
220
130
233
172
254
208
110
198
159
139
135
83
198
146
112
274
267
192
140
228
128
107
146
235
133
135
167
88
86
191
126